Table 1: Demographic and Clinical Characteristics by Vaccine Type
		Total	Pfizer	AstraZeneca
	1	     11,101,711 (100.00)	      3,709,034 (100.00)	      7,392,659 (100.00)

Grouped age	16-<30	        594,244 (5.35)	        232,928 (6.28)	        361,315 (4.89)
	30-<50	      2,432,493 (21.91)	        672,901 (18.14)	      1,759,591 (23.80)
	50-<65	      3,972,118 (35.78)	        896,156 (24.16)	      3,075,952 (41.61)
	65-<70	      1,073,834 (9.67)	        357,857 (9.65)	        715,977 (9.68)
	70-<75	      1,124,058 (10.13)	        394,282 (10.63)	        729,774 (9.87)
	75-<80	        816,522 (7.35)	        382,810 (10.32)	        433,710 (5.87)
	80+	      1,088,442 (9.80)	        772,100 (20.82)	        316,340 (4.28)

Male	Yes	      5,112,817 (46.05)	      1,545,224 (41.66)	      3,567,587 (48.26)
	No	      5,988,894 (53.95)	      2,163,810 (58.34)	      3,825,072 (51.74)

Ethnicity	White	      7,759,749 (69.90)	      2,600,461 (70.11)	      5,159,278 (69.79)
	Mixed	         70,317 (0.63)	         22,013 (0.59)	         48,304 (0.65)
	Asian or Asian British	        513,803 (4.63)	        164,479 (4.43)	        349,323 (4.73)
	Black	        145,441 (1.31)	         44,992 (1.21)	        100,448 (1.36)
	Other	        113,725 (1.02)	         33,571 (0.91)	         80,154 (1.08)
	Missing	      2,498,676 (22.51)	        843,518 (22.74)	      1,655,152 (22.39)

Index of Multiple Deprivation (IMD)	1 least deprived	      1,788,918 (16.11)	        571,780 (15.42)	      1,217,137 (16.46)
	2	      2,015,422 (18.15)	        665,086 (17.93)	      1,350,333 (18.27)
	3	      2,375,493 (21.40)	        801,090 (21.60)	      1,574,400 (21.30)
	4	      2,380,891 (21.45)	        809,467 (21.82)	      1,571,418 (21.26)
	5 most deprived	      2,314,772 (20.85)	        786,414 (21.20)	      1,528,355 (20.67)
	Missing	              0 (0.00)	              0 (0.00)	              0 (0.00)

Grouped BMI	Normal (<30)	      6,503,524 (58.58)	      2,249,371 (60.65)	      4,254,139 (57.55)
	Obese I - II	      2,597,935 (23.40)	        872,045 (23.51)	      1,725,886 (23.35)
	Obese III (40+)	        424,687 (3.83)	        154,707 (4.17)	        269,980 (3.65)
	Missing	      1,575,565 (14.19)	        432,911 (11.67)	      1,142,654 (15.46)

Care Home	Care Home	         34,437 (0.31)	          7,693 (0.21)	         26,744 (0.36)
	Nursing Home	         27,286 (0.25)	          7,284 (0.20)	         20,002 (0.27)
	Care or Nursing Home	          1,457 (0.01)	            291 (0.01)	          1,166 (0.02)
	Missing	        105,942 (0.95)	         36,518 (0.98)	         69,424 (0.94)

DVT	1	        234,321 (2.11)	        100,098 (2.70)	        134,223 (1.82)
PE	1	        154,614 (1.39)	         67,067 (1.81)	         87,547 (1.18)
CVT	1	          3,254 (0.03)	          1,111 (0.03)	          2,143 (0.03)
Portal	1	          4,228 (0.04)	          1,527 (0.04)	          2,701 (0.04)
SMV	1	            633 (0.01)	            204 (0.01)	            429 (0.01)
Hepatic	1	            587 (0.01)	            188 (0.01)	            399 (0.01)
Vena Cava	1	          1,251 (0.01)	            473 (0.01)	            778 (0.01)
Other	1	          2,662 (0.02)	            949 (0.03)	          1,713 (0.02)
Unspecified	1	         15,857 (0.14)	          5,926 (0.16)	          9,931 (0.13)
Any VTE	Yes	        367,949 (3.31)	        157,024 (4.23)	        210,925 (2.85)
Recent DVT	Yes	          6,318 (0.06)	          2,439 (0.07)	          3,879 (0.05)
Recent PE	Yes	          7,607 (0.07)	          2,649 (0.07)	          4,958 (0.07)
Recent CVT	Yes	            142 (0.00)	             42 (0.00)	            100 (0.00)
Recent Portal	Yes	            392 (0.00)	            137 (0.00)	            255 (0.00)
Recent SMV	Yes	             32 (0.00)	              9 (0.00)	             23 (0.00)
Recent Hepatic	Yes	             47 (0.00)	             11 (0.00)	             36 (0.00)
Recent Vena Cava	Yes	            100 (0.00)	             34 (0.00)	             66 (0.00)
Recent Other	Yes	             69 (0.00)	             26 (0.00)	             43 (0.00)
Recent Unspecified	Yes	            938 (0.01)	            346 (0.01)	            592 (0.01)
Recent Any VTE	Yes	         14,437 (0.13)	          5,287 (0.14)	          9,150 (0.12)


Months since latest DVT	Median (IQR)	84.27 (32.43-183.1)	89.89 (34.27-190.23)	79.84 (31.18-177.97)
	Min, Max	.03, 1455.7	.03, 1454.95	.03, 1455.7
Months since latest PE	Median (IQR)	63.79 (24.77-146.86)	69.22 (26.84-155.01)	60.29 (23.43-141.4)
	Min, Max	.03, 1455.41	.03, 1454.26	.03, 1455.41
Months since latest CVT	Median (IQR)	61.85 (24.61-154.25)	68.57 (25.49-160.56)	59.01 (24.18-151.23)
	Min, Max	.07, 1454.49	.26, 1453.73	.07, 1454.49
Months since latest Portal	Median (IQR)	28.73 (10.84-58.05)	29.63 (11.53-63.51)	28.02 (10.45-56.44)
	Min, Max	.03, 1455.34	.03, 1453.31	.03, 1455.34
Months since latest SMV	Median (IQR)	45.11 (18.86-81.61)	45.83 (19.47-77.45)	44.32 (18.56-83.75)
	Min, Max	.2, 1454.62	.39, 1453.08	.2, 1454.62
Months since latest Hepatic	Median (IQR)	24.28 (10.58-45.31)	24.41 (11.1-42.97)	24.28 (9.95-47.54)
	Min, Max	.16, 1451.27	.72, 1451.27	.16, 757.16
Months since latest Vena Cava	Median (IQR)	26.78 (11.27-48.23)	26.64 (10.71-49.12)	26.97 (11.4-47.61)
	Min, Max	.07, 1454.55	.07, 816.36	.07, 1454.55
Months since latest Other	Median (IQR)	69.14 (34.53-125.9)	66.73 (32.85-117.82)	71.75 (34.99-132.8)
	Min, Max	.07, 1454.92	.23, 1453.01	.07, 1454.92
Months since latest Unspecified	Median (IQR)	28.71 (13.63-48.33)	28.67 (13.63-48.59)	28.78 (13.67-48.3)
	Min, Max	.03, 1455.01	.03, 1453.77	.07, 1455.01
Months since latest Any VTE	Median (IQR)	76.25 (29.6-173.24)	82.33 (31.61-181.06)	72.15 (28.16-167.36)
	Min, Max	.03, 1455.7	.03, 1454.95	.03, 1455.7
